"P" "V" "n" "T"
"s1" 2.65 12.2 28.6 13.8
"s2" 0.449 1.58 4.14 2.09
"s3" 2.46 8.39 3.98 63.3
"s4" 3.14 19 11.4 64.1
"s5" 4.59 17.2 30.5 31.6
"s6" 1.4 18.4 20.1 15.6
"s7" 2.28 13 70.7 5.1
"s8" 3.63 8.86 65.8 5.95
"s9" 4.02 6.43 24.4 12.9
"s10" 3.16 5.03 20.2 9.6
"s11" 1.55 14.2 69.2 3.9
"s12" 1.98 18.1 50.5 8.65
"s13" 2.3 13.8 55.8 6.94
"s14" 1.96 9.86 15.5 15.1
"s15" 2.94 17.3 31.4 19.7
"s16" 3.59 14.5 30.9 20.5
"s17" 3.19 1.56 12.1 5.03
"s18" 4.4 13 22.4 31.1
"s19" 2.07 3.8 26.5 3.62
"s20" 1.74 4.12 64.5 1.36
"s21" 2.5 7.6 12.4 18.6
"s22" 1.44 15 48.4 5.45
"s23" 4.28 14.1 0.821 898
"s24" 2.37 13.6 20.5 19.2
"s25" 2.7 19.1 62.2 10.1
"s26" 3.89 13 6.8 90.8
"s27" 3.63 3.04 36.9 3.65
"s28" 1.55 7.01 28 4.72
"s29" 1 7.38 56.4 1.6
"s30" 4.48 18.1 61 16.2
"s31" 1.74 10.5 34.3 6.51
"s32" 0.256 2.09 60 0.109
"s33" 4.47 13.8 26.4 28.6
"s34" 0.311 17.3 60.6 1.08
"s35" 2.98 6.71 60.3 4.04
"s36" 0.163 16.5 64.6 0.505
"s37" 2.9 6.92 15.1 16.1
"s38" 2.6 5.15 25.2 6.48
"s39" 3.89 15.1 42.8 16.8
"s40" 3.6 4.81 10.6 20
"s41" 1.08 5.84 54.4 1.41
"s42" 0.254 2.79 47.6 0.182
"s43" 0.276 7.85 28.8 0.916
"s44" 3.23 12.8 52.4 9.61
"s45" 2.08 16.8 38 11.2
"s46" 0.205 8.61 45.4 0.474
"s47" 2.18 19.5 38.4 13.5
"s48" 2.08 12.1 34.5 8.94
"s49" 1.32 13.4 14.4 15
"s50" 1.66 16.7 7.97 42.4
"s51" 4.93 1.5 26.1 3.45
"s52" 0.718 6.94 31.5 1.93
"s53" 0.902 7.17 54.3 1.45
"s54" 2.17 1.84 8.4 5.81
"s55" 0.655 7.16 70.8 0.808
"s56" 0.881 10.5 65.3 1.72
"s57" 1.18 4.79 12.5 5.48
"s58" 0.512 8.96 9.49 5.89
"s59" 3.45 1.53 19.6 3.28
"s60" 1.91 7.17 68.4 2.44
"s61" 4.64 7.72 49.1 8.88
"s62" 0.406 7.77 54.3 0.708
"s63" 4.06 17.9 1.18 747
"s64" 1.74 10.2 6.04 35.9
"s65" 4.62 7.16 40.6 9.94
"s66" 2.56 5.53 73.9 2.33
"s67" 2.42 6.89 18.8 10.8
"s68" 0.807 10.5 37.3 2.76
"s69" 2.4 5.92 68.6 2.52
"s70" 2.05 17.2 39.4 10.9
"s71" 0.932 14.3 16 10.2
"s72" 4.9 17.7 17 62.2
"s73" 0.764 11.5 15.2 7.06
"s74" 3.35 8.58 37.9 9.23
"s75" 0.867 5.17 10.7 5.09
"s76" 1.94 17 48.7 8.26
"s77" 1.57 5.87 24.5 4.57
"s78" 3.73 3.02 50.3 2.73
"s79" 3.43 7.78 8.46 38.4
"s80" 2.43 2.4 7.33 9.72
"s81" 2.36 4.64 21.3 6.26
"s82" 1.64 2.83 35.5 1.59
"s83" 1.08 6.64 51 1.71
"s84" 0.66 16.1 49.2 2.63
"s85" 1.7 7.81 40.1 4.02
"s86" 4.09 11.9 6.12 96.8
"s87" 4.25 7.11 58.1 6.34
"s88" 2.81 11.7 74.5 5.37
"s89" 1.63 19.6 5.76 67.5
"s90" 2 12.1 25.9 11.4
"s91" 2 15.1 11.7 31.5
"s92" 2.02 8.03 69.3 2.85
"s93" 2.56 19 6.35 93.4
"s94" 4.24 12.2 72 8.78
"s95" 4.47 19.8 56.9 19
"s96" 3.47 17.7 68.2 11
"s97" 3.15 13.1 48.9 10.3
"s98" 0.476 14.4 45.4 1.85
"s99" 2.07 6.18 57.3 2.72
"s100" 4.85 14.9 38 23.1
"s101" 3.62 5.84 70.1 3.68
"s102" 3.59 19.3 34.4 24.5
"s103" 0.74 3.14 37.1 0.764
"s104" 3.86 8.84 2.36 176
"s105" 4 8.77 40.8 10.5
"s106" 0.99 12.5 35.8 4.2
"s107" 4.09 5.25 34.4 7.61
"s108" 3.5 5.42 13.7 16.9
"s109" 1.05 1.43 56.6 0.323
"s110" 0.462 2.45 49.7 0.278
"s111" 3.76 6.59 69.6 4.34
"s112" 2.41 4.08 7.14 16.8
"s113" 2.59 13 35.8 11.4
"s114" 1.74 5.72 42.1 2.88
"s115" 4.15 19 12.8 75.4
"s116" 0.477 19.9 34.6 3.34
"s117" 0.555 18.3 22.7 5.45
"s118" 2.23 7 30.5 6.24
"s119" 1.01 18.7 21.5 10.7
"s120" 3.87 19 25.1 35.7
"s121" 1.83 3.32 65 1.14
"s122" 4.42 9.7 58.6 8.92
"s123" 2.1 19.8 51.6 9.82
"s124" 1.54 6.77 55.5 2.29
"s125" 4.36 12.9 40.7 16.8
"s126" 0.903 18.2 67.7 2.95
"s127" 0.941 16.1 54.7 3.37
"s128" 1.07 6.03 46.6 1.68
"s129" 4.3 3.6 68.6 2.75
"s130" 4.71 2.98 22.4 7.62
"s131" 4.99 9.13 57.6 9.63
"s132" 4.19 11 9.34 60.2
"s133" 3.57 6.64 45.2 6.38
"s134" 1.36 4.55 60.9 1.24
"s135" 2.1 16.4 22 19.1
"s136" 0.325 8.66 68.1 0.504
"s137" 2.82 15.1 54.6 9.5
"s138" 4.44 5.11 1.37 202
"s139" 4.98 3.6 6.83 32
"s140" 1.97 16.6 73.8 5.41
"s141" 1.91 17.3 69.6 5.77
"s142" 3.28 13.7 26 21
"s143" 3.08 9.4 25.4 13.9
"s144" 2.69 1.75 13.5 4.24
"s145" 1.97 14.6 32.9 10.6
"s146" 2.26 2.53 7.92 8.81
"s147" 3.96 12.6 22 27.8
"s148" 2.01 19.9 30.7 15.9
"s149" 3.81 11.7 6.23 87.2
"s150" 0.583 2.17 43.5 0.354
"s151" 2.29 1.02 33.2 0.86
"s152" 1.9 8.02 43.2 4.29
"s153" 1.94 6.75 35.5 4.49
"s154" 4.78 7.72 5.44 82.6
"s155" 2.19 16.5 24.1 18.3
"s156" 4.42 12.4 14.1 47.3
"s157" 0.109 12.1 45.6 0.351
"s158" 0.792 1.33 29 0.442
"s159" 3.91 16.2 63.7 12.1
"s160" 3.63 13.3 20 29.3
"s161" 4.46 19.4 3.43 308
"s162" 1.79 14.1 40 7.67
"s163" 2.14 4.83 2.88 43.8
"s164" 1.07 2.11 13.4 2.04
"s165" 2.47 4.89 66.3 2.22
"s166" 2.56 1.05 17.2 1.89
"s167" 0.711 6.34 35.4 1.55
"s168" 4.87 15 59.3 15
"s169" 2.35 4.22 38.2 3.16
"s170" 3.26 4.83 62.2 3.09
"s171" 2.39 14.7 8.31 51.4
"s172" 3.02 9.13 10.9 30.9
"s173" 3.32 15.6 61.9 10.2
"s174" 3.05 12.5 46 10.1
"s175" 0.979 19.1 0.642 355
"s176" 4.56 11.1 4.84 127
"s177" 0.279 16.2 17.8 3.09
"s178" 3.3 14.2 32.1 17.8
"s179" 0.32 16.3 1.78 35.8
"s180" 1.31 12.2 70 2.77
"s181" 2.27 9.77 2.16 125
"s182" 1.87 6.45 36.4 4.04
"s183" 1.3 6.15 66.3 1.47
"s184" 2.61 16.8 36.5 14.6
"s185" 3.86 2.17 6.67 15.3
"s186" 1.12 15.5 35.1 6.02
"s187" 4.35 8.46 15.9 28.2
"s188" 3.77 19.4 63.8 14
"s189" 3.95 5.02 3.6 67.1
"s190" 4.1 4.99 56 4.45
"s191" 1.45 11.5 51.3 3.94
"s192" 0.178 1.09 53.7 0.0438
"s193" 1.82 16.1 5.79 61.5
"s194" 0.878 2.53 48.5 0.558
"s195" 4.23 18.5 16 59.5
"s196" 4.82 11 71.1 9.07
"s197" 3.23 16.9 49.1 13.5
"s198" 0.692 11.7 1.17 84.1
"s199" 2.68 15.2 8.49 58.7
"s200" 3.87 19.9 28.5 32.9
"s201" 3.6 17.5 26.3 29.3
"s202" 2.18 17 69.3 6.51
"s203" 1.31 15.9 34.6 7.31
"s204" 1.76 3.36 44 1.64
"s205" 1.88 19.9 42.5 10.7
"s206" 4.48 7.03 20.6 18.7
"s207" 2.37 11.4 66.4 4.94
"s208" 0.543 10.3 22.8 2.98
"s209" 3.32 18.4 4.57 163
"s210" 2.57 7.85 39.6 6.21
"s211" 2.07 13.1 41.9 7.91
"s212" 1.64 5.57 42.8 2.61
"s213" 4.54 15.6 60.3 14.3
"s214" 1.26 19 25.4 11.4
"s215" 1.33 9.9 8.14 19.7
"s216" 0.707 11.7 23.4 4.33
"s217" 3.38 16 0.548 1200
"s218" 3.77 18.6 39.3 21.8
"s219" 3.66 13 70.4 8.26
"s220" 1.71 3.09 68.1 0.949
"s221" 1.51 8.57 72.6 2.17
"s222" 4.44 19.5 33.1 31.9
"s223" 0.273 10.5 27.7 1.26
"s224" 0.311 19.1 68.6 1.05
"s225" 2.24 14.2 37.8 10.3
"s226" 4.82 14.9 45.8 19.1
"s227" 4.99 9.6 64.9 9
"s228" 1.77 12.7 6.65 41.3
"s229" 3.11 4.29 33.3 4.88
"s230" 0.872 5.6 10.8 5.53
"s231" 2.62 18.7 43.2 13.8
"s232" 0.232 15.1 15.9 2.69
"s233" 0.852 2.3 44.5 0.537
"s234" 1.56 3.6 63.5 1.08
"s235" 0.919 1.86 3.9 5.35
"s236" 2.75 16.8 21.4 26.2
"s237" 2.37 3.31 32.7 2.93
"s238" 2.07 2.62 14.2 4.68
"s239" 3.2 1.09 69.3 0.615
"s240" 4.34 5.37 10.6 26.9
"s241" 0.502 10.4 16.6 3.86
"s242" 2.63 15.1 24.6 19.7
"s243" 4.26 6.63 4.52 76.2
"s244" 2.44 14.3 22.4 19
"s245" 4.91 6.67 63.3 6.3
"s246" 3.06 11 70.3 5.83
"s247" 1.02 14.1 28.7 6.13
"s248" 3.52 4.35 28.8 6.48
"s249" 3.31 17.3 12.5 55.8
"s250" 0.371 1.44 67.4 0.0966
"s251" 1.5 11.5 20.2 10.4
"s252" 1.15 8.55 22 5.44
"s253" 0.605 15.5 0.33 347
"s254" 4.32 4.4 21.1 11
"s255" 2.44 1.21 53.3 0.675
"s256" 1.76 6.39 10.1 13.5
"s257" 2.22 2.42 32.2 2.03
"s258" 4.88 8.76 49.6 10.5
"s259" 1.66 17 39.4 8.73
"s260" 0.635 11.9 41.5 2.21
"s261" 3.66 7.33 55.8 5.86
"s262" 4.34 7.21 40.2 9.51
"s263" 2.92 4.7 23 7.27
"s264" 0.508 17.1 33.5 3.16
"s265" 0.58 15.9 7.08 15.9
"s266" 0.576 1.45 26.6 0.381
"s267" 3.81 15.7 37.8 19.2
"s268" 2.28 12.2 19.6 17.3
"s269" 0.775 18.1 36 4.75
"s270" 2.94 10.3 72.1 5.12
"s271" 3.64 16.9 32.1 23.4
"s272" 3.33 2.47 63.5 1.58
"s273" 2.63 5.56 33.8 5.27
"s274" 3.8 5.31 47.2 5.21
"s275" 2.28 1.02 40.6 0.696
"s276" 0.452 9.78 52.4 1.03
"s277" 1.18 5.77 66.8 1.24
"s278" 3.17 10.1 72.2 5.41
"s279" 0.83 5.51 6.17 9.02
"s280" 1.39 6.89 22 5.32
"s281" 1.26 3.81 20 2.93
"s282" 4.04 6.83 25.3 13.3
"s283" 2.45 13.8 50.3 8.17
"s284" 1.06 3.03 37.4 1.05
"s285" 3.35 15.8 19.3 33.4
"s286" 2.62 4.5 40.2 3.58
"s287" 1.44 9.61 49.7 3.38
"s288" 3.96 8.49 27.9 14.7
"s289" 2.41 19.8 73.7 7.87
"s290" 4.88 2.05 3.57 34.1
"s291" 0.944 9.72 24.3 4.61
"s292" 2.43 10.8 2.39 134
"s293" 0.914 19 63.9 3.3
"s294" 1.71 19.2 67.6 5.93
"s295" 1.33 8.35 48.1 2.81
"s296" 0.605 18.6 1.63 84
"s297" 2.37 3.89 45.8 2.45
"s298" 2.8 9.14 35.1 8.88
"s299" 2.06 17.2 23.9 18.1
"s300" 4.5 12.2 67.8 9.9
"s301" 3.73 15.9 51.4 14
"s302" 4.37 12.3 46.8 14
"s303" 4.36 4.58 30.4 8
"s304" 2.59 10.4 28.3 11.7
"s305" 1.05 1.31 12.2 1.37
"s306" 0.522 14.5 36.3 2.53
"s307" 3.35 18 30.8 23.9
"s308" 0.123 18.7 17.8 1.58
"s309" 1.3 7.56 9.21 13
"s310" 4.16 7.11 69 5.22
"s311" 3.76 11.2 67.8 7.6
"s312" 4.75 8.07 37.9 12.3
"s313" 2.25 19 22.4 23.4
"s314" 0.137 9.73 43.8 0.371
"s315" 4.81 4.72 65.7 4.2
"s316" 1.09 8.93 11.3 10.5
"s317" 4.99 8.89 29.4 18.4
"s318" 2.8 19.1 14.6 44.9
"s319" 0.831 13.1 61.1 2.18
"s320" 2.85 1.5 1.59 32.8
"s321" 4.48 9.11 54.2 9.18
"s322" 3.25 17.2 60.9 11.2
"s323" 2.9 17.6 52.2 11.9
"s324" 1.13 6.35 30.9 2.83
"s325" 3.74 19.3 15.3 57.6
"s326" 1.36 13.8 6.23 36.9
"s327" 4.46 6.73 59.6 6.14
"s328" 2.65 5 53 3.05
"s329" 0.412 8.72 66.9 0.654
"s330" 4.46 11.6 45 14
"s331" 4.8 17.7 72.2 14.3
"s332" 1.9 14.6 65.4 5.17
"s333" 2.51 15.3 25.2 18.5
"s334" 2.76 10.2 15.3 22.4
"s335" 0.993 14.4 57.4 3.04
"s336" 3.63 18.8 62.2 13.4
"s337" 2.1 18.3 71.9 6.54
"s338" 1.95 17.6 49.3 8.5
"s339" 0.253 2.42 32.7 0.229
"s340" 1.49 2.77 1.1 45.8
"s341" 2.79 11.2 27.8 13.7
"s342" 1.89 7.86 7.25 24.9
"s343" 1.77 9.88 59.6 3.58
"s344" 1.88 13 31.4 9.45
"s345" 1.03 5.59 39.4 1.78
"s346" 2.45 4.87 19.6 7.41
"s347" 1.15 15.8 24.2 9.14
"s348" 3.83 14.9 24.9 27.9
"s349" 2.49 6.98 44.3 4.78
"s350" 0.66 18.5 35.5 4.19
"s351" 4.77 8.87 1.59 324
"s352" 2.64 5.96 36 5.31
"s353" 1.04 2.25 45.2 0.631
"s354" 2.12 12.7 58.9 5.57
"s355" 0.508 12.5 0.956 80.6
"s356" 4.8 18 51.4 20.4
"s357" 3.53 14.3 55.6 11.1
"s358" 1.05 10.4 22.3 5.95
"s359" 4.26 12.2 30.5 20.8
"s360" 1.91 4.25 0.451 220
"s361" 2.81 16.5 59.1 9.57
"s362" 2.72 5 50 3.32
"s363" 3.15 10.4 43.5 9.17
"s364" 4.01 16.4 16.2 49.4
"s365" 0.19 11.4 59.4 0.447
"s366" 2.87 2.85 9.34 10.7
"s367" 2.61 14.9 64.6 7.37
"s368" 3.85 7.52 35.6 9.9
"s369" 2.44 13.1 0.746 523
"s370" 4.65 17 25.6 37.5
"s371" 0.788 9.56 72.3 1.27
"s372" 0.341 4.4 40.4 0.452
"s373" 2.28 11.9 64.6 5.12
"s374" 2.66 7.96 3.64 70.9
"s375" 1.01 13.9 73.9 2.31
"s376" 1.63 4.66 18.9 4.9
"s377" 1.76 6.11 74.4 1.76
"s378" 1.68 16.5 34.7 9.72
"s379" 0.865 15.3 69.3 2.33
"s380" 4.68 5.72 62 5.26
"s381" 4.13 10.4 53 9.88
"s382" 0.704 12.8 57.3 1.92
"s383" 4.72 8.47 66.5 7.33
"s384" 3.79 19.6 45.6 19.9
"s385" 1.31 18.7 3.84 77.7
"s386" 0.952 6.76 46.3 1.69
"s387" 0.676 10.4 31.6 2.72
"s388" 2.46 8.61 58.7 4.39
"s389" 0.626 1.01 16 0.482
"s390" 1.02 6.97 49.4 1.75
"s391" 0.959 6.07 37.2 1.91
"s392" 2.33 11.6 54.3 6.08
"s393" 4.56 19.8 46.1 23.9
"s394" 3.58 5.09 68.2 3.25
"s395" 0.41 15.3 47.3 1.61
"s396" 1.55 11.6 41.8 5.25
"s397" 1.05 1.86 69.1 0.346
"s398" 0.381 3.08 59.1 0.242
"s399" 1.71 16.5 40.1 8.59
"s400" 0.768 12.6 53.4 2.21
"s401" 2.2 19.8 26.1 20.4
"s402" 4.67 18.4 50.9 20.6
"s403" 3.97 15.9 3.11 248
"s404" 0.749 9.97 31.6 2.88
"s405" 1.95 13.5 11.1 28.8
"s406" 2.7 4.65 55.7 2.74
"s407" 2.32 4.15 64.6 1.81
"s408" 1.99 17.2 73.7 5.65
"s409" 1.89 15.4 34.6 10.2
"s410" 2.41 19.3 22.6 25.1
"s411" 0.191 3.69 51.2 0.167
"s412" 4.6 15.5 41 21.2
"s413" 2.61 3.33 1.12 94.6
"s414" 4.73 15.8 63.8 14.3
"s415" 4.04 3.56 11.1 15.9
"s416" 2.47 5.39 56.6 2.86
"s417" 3.48 19.4 35.1 23.4
"s418" 3.34 16.7 54.4 12.5
"s419" 3.67 17.5 44.4 17.6
"s420" 2.44 6.71 29 6.87
"s421" 4.02 12.7 61.4 10.1
"s422" 4.29 9.27 4.63 105
"s423" 1.66 4.63 43.5 2.16
"s424" 3.62 14.4 58.5 10.9
"s425" 1.21 13.7 46.4 4.35
"s426" 3.23 13.1 45.8 11.3
"s427" 1.82 6.7 61.2 2.43
"s428" 4.73 18.7 7.7 140
"s429" 1.56 8.27 71.9 2.19
"s430" 0.94 11.5 29.7 4.44
"s431" 4.65 12.1 54.9 12.5
"s432" 4.02 16.3 51.3 15.6
"s433" 0.834 16.6 43.1 3.91
"s434" 2.71 18.5 26.5 23
"s435" 0.2 1.76 71.5 0.0601
"s436" 3.88 7.38 56.3 6.2
"s437" 1.27 7.01 5.86 18.5
"s438" 2.62 7.47 68.8 3.47
"s439" 0.638 8.98 19 3.67
"s440" 3.86 17.6 60 13.8
"s441" 2 12.9 48 6.56
"s442" 0.814 15.6 0.406 382
"s443" 3.75 6.14 53.3 5.26
"s444" 4.5 4.93 23.2 11.7
"s445" 3.71 17 19.1 40.2
"s446" 3.6 2.74 11.9 10.1
"s447" 0.957 10.5 3.03 40.5
"s448" 4.37 11.8 44.9 14
"s449" 2.61 16 64.3 7.93
"s450" 4.47 17.7 61.4 15.7
"s451" 4.67 11.6 65.1 10.1
"s452" 2.48 19 44.8 12.8
"s453" 1.29 11.1 3.61 48.4
"s454" 1.84 7.31 36.3 4.53
"s455" 1.02 7.19 29.9 2.99
"s456" 0.561 11.7 47.6 1.68
"s457" 4.51 14.7 70.6 11.5
"s458" 0.661 1.14 58.9 0.155
"s459" 1 11.6 64.2 2.2
"s460" 1.48 5.32 13.8 6.94
"s461" 4.34 10.1 39.8 13.4
"s462" 4.05 6.65 61.8 5.32
"s463" 4.71 8.16 34.9 13.4
"s464" 2.24 8.99 45.9 5.35
"s465" 4.25 11.9 33.8 18.2
"s466" 2.36 8.84 30.8 8.25
"s467" 4.78 13.3 23.8 32.6
"s468" 3.78 8.2 24.4 15.5
"s469" 2.86 18.3 54.2 11.8
"s470" 1.78 14.9 69.2 4.67
"s471" 3.95 17.7 15.2 56
"s472" 1 14.9 26.5 6.88
"s473" 3.58 3.79 45.9 3.6
"s474" 2.79 5.97 54.8 3.71
"s475" 4.65 4.68 24.3 10.9
"s476" 1.26 13.5 52.3 3.96
"s477" 0.716 15.9 2.55 54.3
"s478" 3.52 17 7.62 95.6
"s479" 2.76 15.3 69.5 7.39
"s480" 3.66 1.68 25.8 2.9
"s481" 2.63 17.2 37.7 14.6
"s482" 1.58 16.2 74.1 4.2
"s483" 2.67 6.53 12.7 16.8
"s484" 0.259 18.4 58.4 0.997
"s485" 3.39 13.9 56.3 10.2
"s486" 3.41 16.3 20.1 33.8
"s487" 0.301 16 46.8 1.26
"s488" 2.84 4.4 21.4 7.12
"s489" 4.35 6.92 57.4 6.39
"s490" 3.82 17 67.3 11.8
"s491" 2.41 4.71 9.5 14.6
"s492" 3.34 16.1 13.7 48.1
"s493" 2.17 15.9 18.7 22.4
"s494" 3.07 3.17 62.7 1.9
"s495" 1.64 15.5 60.9 5.07
"s496" 4.25 2.72 65.7 2.14
"s497" 0.476 7.45 21.2 2.04
"s498" 4.04 6.46 15.7 20.3
"s499" 4.02 4.1 11.9 16.9
"s500" 0.597 5.62 58.8 0.696
"s501" 0.87 18.7 24.4 8.1
"s502" 1.54 8.2 18.1 8.5
"s503" 1.78 8.29 18.4 9.81
"s504" 2.2 5.8 25 6.24
"s505" 0.79 4.07 26.5 1.48
"s506" 0.322 12.4 22.5 2.17
"s507" 2.55 18.3 22.6 25.1
"s508" 3.98 13.8 8.85 75.5
"s509" 0.804 17.8 1.09 160
"s510" 4.94 6.07 46.6 7.82
"s511" 3.14 9.32 13.4 26.5
"s512" 1.69 17.3 53.6 6.63
"s513" 4.65 11.6 64.6 10.2
"s514" 0.931 8.28 43.4 2.17
"s515" 1.61 7.08 69 2.01
"s516" 1.41 14.7 33.4 7.53
"s517" 0.812 8.19 27.7 2.93
"s518" 1.58 7.98 38.3 4.01
"s519" 1.03 16.1 63.8 3.18
"s520" 2.98 3.13 22.3 5.1
"s521" 4.34 7.05 22.1 16.9
"s522" 3.82 1.46 17.9 3.82
"s523" 0.185 8.44 16.8 1.13
"s524" 0.817 14 26.4 5.29
"s525" 3.66 10.2 23.8 19.2
"s526" 4.19 17 41.1 21.1
"s527" 2.06 7.37 53.9 3.44
"s528" 1.93 2.77 37.7 1.73
"s529" 2.56 5.27 61.1 2.7
"s530" 4.21 11.7 13.6 44.4
"s531" 4.98 17.4 70.4 15
"s532" 0.656 6.91 31.3 1.76
"s533" 2.67 12.5 51.2 7.94
"s534" 3.64 7 11.3 27.5
"s535" 3.35 16.8 64.4 10.7
"s536" 2.76 10.4 73.5 4.76
"s537" 3.39 6.24 24.6 10.5
"s538" 1.24 4.73 48.3 1.48
"s539" 2.93 17.1 46.2 13.2
"s540" 4.89 19.4 61.8 18.7
"s541" 3.46 5.66 7.53 31.7
"s542" 2.52 5.76 45.5 3.89
"s543" 4.47 3.5 5.26 36.2
"s544" 2.07 13.2 30.2 11
"s545" 1.27 18 5.68 48.8
"s546" 1.27 9.59 31.4 4.72
"s547" 4.18 5.53 48.7 5.78
"s548" 1.67 11.4 56.6 4.1
"s549" 0.177 8.61 72.6 0.256
"s550" 3 6.18 71.7 3.16
"s551" 3.68 13.9 71.1 8.78
"s552" 0.993 17.7 24.7 8.68
"s553" 0.881 4.34 4.86 9.59
"s554" 3.01 14.1 71.6 7.19
"s555" 1.36 3.41 34.4 1.65
"s556" 0.202 19.6 54.3 0.889
"s557" 0.632 10.9 66.3 1.26
"s558" 2.45 16.5 34.4 14.4
"s559" 2.59 18.9 23 26
"s560" 0.626 11.8 69.4 1.29
"s561" 4.3 2.5 33 3.97
"s562" 1.36 19.8 51.3 6.39
"s563" 1.11 18.1 23.4 10.5
"s564" 2.9 3.83 55.6 2.43
"s565" 4.82 18.9 66.8 16.6
"s566" 3.85 8.16 11 34.9
"s567" 3.78 5.5 7.96 31.8
"s568" 0.109 18.1 50.3 0.479
"s569" 1.5 19.1 59.7 5.87
"s570" 0.912 7.37 45.4 1.8
"s571" 1.74 13.9 64.8 4.53
"s572" 0.216 6.49 55.3 0.309
"s573" 4.44 17.3 45.4 20.6
"s574" 1.09 8.79 18.8 6.21
"s575" 4.45 3.4 17.9 10.3
"s576" 1.88 5.92 35.8 3.79
"s577" 3.58 3.44 45.2 3.32
"s578" 3.24 11.6 61.4 7.43
"s579" 2.1 7.75 65.6 3.02
"s580" 4.68 16.3 4.37 213
"s581" 4.92 12.3 66.6 11.1
"s582" 4.27 1.57 52.1 1.57
"s583" 2.26 16 38.6 11.5
"s584" 4.72 18.2 62.7 16.7
"s585" 4.08 1.75 23.3 3.73
"s586" 3.04 16 14.9 39.9
"s587" 4.66 14.6 39.7 20.8
"s588" 4.19 2.19 11.6 9.65
"s589" 1.5 12.6 27.8 8.29
"s590" 2.46 17.3 7.34 70.7
"s591" 0.67 4.56 53.5 0.697
"s592" 0.12 12.2 60.2 0.297
"s593" 4.38 13.5 52.3 13.8
"s594" 4.05 17.4 74.6 11.5
"s595" 3.42 3.14 22.4 5.84
"s596" 3.04 9.16 71.6 4.74
"s597" 2.77 3.73 45.5 2.76
"s598" 4.3 9.87 42.5 12.2
"s599" 4.93 3.59 64.2 3.35
"s600" 2.24 12.1 63.6 5.19
"s601" 1.57 10.1 42.7 4.54
"s602" 1.03 14.7 26.2 7.07
"s603" 1.49 13.6 40.9 6
"s604" 2.89 15.3 59.2 9.09
"s605" 3.61 11.4 35.2 14.2
"s606" 0.169 18.7 67.5 0.573
"s607" 4.44 9.16 20.9 23.8
"s608" 3.26 14.2 54.6 10.3
"s609" 2.59 2.42 17.5 4.36
"s610" 1.52 18 72.7 4.59
"s611" 1.31 14.7 10.4 22.5
"s612" 3.91 7.02 11.1 30.2
"s613" 0.219 2.87 20.9 0.366
"s614" 4.07 1.7 45.1 1.87
"s615" 2.62 4.87 41.4 3.76
"s616" 2.47 7.54 31.7 7.15
"s617" 3.78 2.63 47.5 2.55
"s618" 0.983 3.18 24.8 1.53
"s619" 2.49 13.9 46.8 9.02
"s620" 3.39 9.68 40.8 9.8
"s621" 2.84 16.2 73 7.69
"s622" 0.851 13.9 71.4 2.01
"s623" 0.88 3.5 1.47 25.5
"s624" 3.34 19.3 46.7 16.8
"s625" 4.83 3.08 37.9 4.8
"s626" 4.7 4.35 31.7 7.88
"s627" 2.99 9.55 42.6 8.16
"s628" 1.49 9.44 57.6 2.96
"s629" 2.9 16.4 4.35 134
"s630" 4.9 7.84 62.4 7.5
"s631" 2.39 9.77 23.1 12.3
"s632" 2.8 17 23.1 25.1
"s633" 2.91 8.65 16.8 18.3
"s634" 0.213 4.2 39 0.28
"s635" 3.26 12.2 72.9 6.65
"s636" 2.95 2.84 12.4 8.22
"s637" 4.53 11 15.1 40.2
"s638" 0.668 17.4 10.6 13.4
"s639" 4.09 15.2 39.3 19.3
"s640" 3.87 13.1 45.3 13.7
"s641" 2.57 12.6 0.845 466
"s642" 0.438 3.62 33.4 0.577
"s643" 3.3 17.9 34.8 20.7
"s644" 3.31 1.7 43.7 1.58
"s645" 0.54 8.22 51.9 1.04
"s646" 1.66 6.73 8.96 15.2
"s647" 3.71 12.2 45.6 12.1
"s648" 2.28 19.3 69 7.75
"s649" 3.76 15.9 49.9 14.6
"s650" 4.49 11.8 34.4 18.8
"s651" 1.15 2.66 11.8 3.15
"s652" 2.44 14 26.5 15.7
"s653" 3.43 19 28.7 27.6
"s654" 4.6 17 69.4 13.7
"s655" 2.82 10.6 31 11.7
"s656" 0.548 5.37 52 0.689
"s657" 2.47 16.8 64.9 7.79
"s658" 0.655 7.64 51 1.2
"s659" 2.59 9.98 43.4 7.25
"s660" 1.83 12.1 13.2 20.4
"s661" 1.52 14.8 41.2 6.65
"s662" 3.86 9.07 42.8 9.96
"s663" 4.3 6.95 4.05 90
"s664" 0.91 2.04 1.21 18.7
"s665" 0.746 4.67 44.8 0.948
"s666" 0.521 2.8 67.1 0.265
"s667" 2.77 17.5 16.6 35.6
"s668" 3.12 6.56 10.6 23.5
"s669" 1.3 7.66 54.9 2.21
"s670" 1.89 8.95 47.7 4.33
"s671" 4.48 13.9 70.5 10.8
"s672" 1.38 6.02 32 3.17
"s673" 2.1 4.19 43.2 2.48
"s674" 3.39 1.5 14 4.42
"s675" 4.61 13.9 59.1 13.2
"s676" 1.84 13.9 6.39 49
"s677" 0.837 2.2 66.4 0.339
"s678" 2.05 2.59 69 0.94
"s679" 0.45 13.2 28.9 2.51
"s680" 5 17.5 50 21.3
"s681" 1.21 9.01 22.1 6.01
"s682" 1.87 2.19 36.7 1.36
"s683" 1.25 5.76 1.31 67.1
"s684" 2.83 16.7 64.2 9.01
"s685" 2.45 19.5 1.01 576
"s686" 3.42 16.4 17.2 39.6
"s687" 2.5 17.3 12.6 41.7
"s688" 3.74 19.1 24.2 36
"s689" 4.83 2.61 61.7 2.5
"s690" 4.15 9.88 23.2 21.6
"s691" 1.69 1.76 41.7 0.871
"s692" 2.09 2.24 20.6 2.78
"s693" 4.96 18.6 68.7 16.4
"s694" 0.155 1.39 36.5 0.0718
"s695" 4.75 2.7 60 2.61
"s696" 2.17 10.8 74.7 3.83
"s697" 1.74 13 4.35 63.2
"s698" 0.622 9.49 53.5 1.34
"s699" 4.23 8.22 57.2 7.41
"s700" 4.44 13.4 19.3 37.5
"s701" 3.34 2.41 14.9 6.58
"s702" 4.92 19.1 72.6 15.8
"s703" 2.02 3.26 17.8 4.52
"s704" 3.43 14.4 22.4 27
"s705" 0.684 17.3 11.4 12.6
"s706" 3.72 4.84 27.7 7.92
"s707" 4.08 13.3 9.43 70.1
"s708" 3.16 11.3 31 14
"s709" 3.9 18.9 34.1 26.3
"s710" 0.119 19.1 54.3 0.51
"s711" 4.69 11.2 25.4 25.3
"s712" 1.13 16.7 8.34 27.6
"s713" 2.61 6.21 65.6 3.02
"s714" 2.8 19.9 53.6 12.7
"s715" 3.12 15.9 42.9 14.1
"s716" 2.08 2.29 39.9 1.46
"s717" 1.25 15.8 6.84 35.2
"s718" 4.09 7.38 16.6 22.1
"s719" 1.63 13.8 47 5.82
"s720" 1.53 3.05 67.1 0.844
"s721" 0.292 11.8 53.1 0.794
"s722" 4.39 15.7 51.5 16.3
"s723" 2.07 5.14 10.7 12.1
"s724" 4.42 15.2 1.06 776
"s725" 3.04 16.6 26.3 23.4
"s726" 3.08 11.5 0.362 1190
"s727" 4.14 1.72 9.78 8.88
"s728" 1.41 4.77 49.3 1.66
"s729" 3.01 7.92 54.7 5.31
"s730" 1.34 17.2 33 8.56
"s731" 0.291 19.8 15.1 4.65
"s732" 1.25 13.4 56.6 3.61
"s733" 4.19 15.9 53.9 15.1
"s734" 0.149 10.6 26 0.74
"s735" 1.26 1.38 17.1 1.24
"s736" 3.6 17.1 56.4 13.3
"s737" 3.47 19.4 33.4 24.5
"s738" 3.35 14.1 48.8 11.8
"s739" 0.409 2.19 49.3 0.221
"s740" 2.27 19.5 6.83 79.2
"s741" 4.11 10.6 9 59.1
"s742" 1.58 9.76 31.3 6.01
"s743" 3.57 16.3 31.1 22.8
"s744" 2.55 10.6 43 7.66
"s745" 0.558 2.16 60.5 0.243
"s746" 4.18 7.84 8.13 49.1
"s747" 4.07 19.5 1.62 598
"s748" 0.699 13.7 37.7 3.09
"s749" 4.96 4.85 52.8 5.56
"s750" 3.8 7.92 34.1 10.7
"s751" 2.64 10.7 21.8 15.7
"s752" 4.09 6.49 68.5 4.72
"s753" 2.49 17.6 29.4 18.1
"s754" 4.19 9.19 37.4 12.5
"s755" 0.799 16.2 25.9 6.08
"s756" 1.85 5.04 12 9.51
"s757" 2.58 5.34 46.2 3.63
"s758" 3.73 7.68 16.9 20.7
"s759" 2.18 10.8 35.8 7.99
"s760" 2.35 16 50.4 9.11
"s761" 2.89 1.16 24.1 1.7
"s762" 1.57 9.94 29.7 6.38
"s763" 3.39 1.89 33.1 2.36
"s764" 2.03 16.2 57.1 7
"s765" 0.452 12.4 71.8 0.953
"s766" 4.72 1.95 40.2 2.79
"s767" 2.32 1.74 72.7 0.677
"s768" 4.48 12.9 54.9 12.8
"s769" 2.28 18.3 9.92 51.4
"s770" 3.14 9.71 29.3 12.7
"s771" 4.79 11.5 18.4 36.6
"s772" 3.76 11.6 53.2 10
"s773" 4.05 9.75 3.43 140
"s774" 3.22 9.41 5.86 63.2
"s775" 1.45 7 30.2 4.09
"s776" 4.97 1.87 25.3 4.47
"s777" 1.12 17.3 39.6 5.95
"s778" 0.757 18.4 72.9 2.33
"s779" 2.65 1.32 59.2 0.721
"s780" 3.54 13.2 23.3 24.5
"s781" 3.83 3.53 39.1 4.21
"s782" 0.297 16.9 51.7 1.19
"s783" 1.24 16.8 50.5 5.03
"s784" 1.92 4.75 21.7 5.13
"s785" 3.57 11.4 16.3 30.4
"s786" 4.73 8.43 74.8 6.51
"s787" 1.59 10.4 71.5 2.81
"s788" 1.87 7.43 68.2 2.49
"s789" 0.63 13.9 64.9 1.65
"s790" 3.07 7.16 35.4 7.57
"s791" 4.52 13.4 6.04 122
"s792" 4.52 15.5 35.6 23.9
"s793" 4.7 12 72 9.57
"s794" 3.41 10.9 64.6 7.01
"s795" 1.3 19.1 42.9 7.07
"s796" 1.42 10.7 14 13.2
"s797" 4.19 1.72 4.29 20.5
"s798" 3.25 14.1 40 13.9
"s799" 1.51 7.87 9.3 15.6
"s800" 1.43 16.4 47.9 5.98
"s801" 1.76 1.12 25.7 0.935
"s802" 1.58 6.31 16.9 7.16
"s803" 1.25 10.6 74.8 2.15
"s804" 0.155 4.63 26.1 0.336
"s805" 0.79 17.2 37.1 4.46
"s806" 0.75 7.51 34.9 1.97
"s807" 3.67 9.1 25.7 15.8
"s808" 1.59 15.4 34.5 8.6
"s809" 3.86 10.1 47.4 10
"s810" 1.03 11.4 33.9 4.19
"s811" 4.56 5.47 29.3 10.4
"s812" 2.48 2.71 5.23 15.7
"s813" 1.06 1.1 61.5 0.23
"s814" 1.24 7.43 59.2 1.89
"s815" 3.69 3.83 63.2 2.73
"s816" 2.15 15 50.5 7.76
"s817" 0.786 17.7 20.9 8.1
"s818" 1.66 8.8 10.7 16.6
"s819" 1.88 5.6 45 2.85
"s820" 3.33 19.8 16.1 50.1
"s821" 2.64 14.8 44.5 10.7
"s822" 0.823 18.1 62.9 2.88
"s823" 4.82 15.9 25.9 36
"s824" 3.49 12.4 72 7.29
"s825" 4.39 2.5 30.3 4.43
"s826" 2.12 19 67.6 7.24
"s827" 1.48 4.39 19.6 4.06
"s828" 1.49 16 22.3 13
"s829" 3.78 7.86 74.4 4.87
"s830" 0.855 14.3 18.9 7.9
"s831" 4.7 6.99 26 15.4
"s832" 0.348 14.7 31.7 1.96
"s833" 3.1 19.9 56.4 13.3
"s834" 2.1 15.8 19.2 21.2
"s835" 0.438 7.97 38.2 1.11
"s836" 4.43 15 59.4 13.7
"s837" 0.388 11.5 13.9 3.91
"s838" 1.2 19.6 7.33 39
"s839" 3.26 11.1 30.4 14.5
"s840" 4.73 18.6 10.9 98.7
"s841" 4.22 10.2 40.1 13
"s842" 2.99 4.18 20.8 7.33
"s843" 1.15 9.26 62.9 2.06
"s844" 1.5 2.31 45.9 0.919
"s845" 0.863 3.04 68.2 0.469
"s846" 1.28 7.63 61 1.96
"s847" 4.17 16.5 27.3 30.7
"s848" 0.51 4.19 13.7 1.91
"s849" 4.17 19.5 16.9 58.6
"s850" 0.706 3.39 45.2 0.645
"s851" 4.65 13.8 6.81 115
"s852" 3.11 19.8 6.09 123
"s853" 1.07 15.4 32.6 6.17
"s854" 4.04 18.9 57 16.4
"s855" 0.695 19.1 71.1 2.27
"s856" 3.14 12 36.3 12.6
"s857" 0.377 13.9 29.9 2.14
"s858" 0.349 18.6 19.9 3.98
"s859" 3.1 2.08 63.5 1.24
"s860" 4.38 15.2 71.7 11.3
"s861" 4.71 14.8 70.6 12.1
"s862" 3.66 4.99 46.1 4.82
"s863" 0.568 14.8 60.8 1.69
"s864" 3.43 16.9 12.6 55.9
"s865" 2.74 5.82 12.4 15.6
"s866" 4.96 9.77 12.9 45.7
"s867" 4.05 2.24 30.6 3.61
"s868" 4.22 14.5 14.9 50.2
"s869" 2.53 18.6 17.3 33.3
"s870" 2.71 1.36 24.9 1.81
"s871" 4.98 11.5 49.7 14
"s872" 4.28 3.43 27.1 6.59
"s873" 0.991 5.88 15.6 4.56
"s874" 4.39 1.13 4.6 13.1
"s875" 1.13 14.9 0.479 429
"s876" 4.57 17.6 12.3 79.4
"s877" 4.13 14.7 38.8 19.1
"s878" 1.12 10.5 11.3 12.6
"s879" 1.98 10.4 30.7 8.13
"s880" 0.31 8.39 4.58 6.91
"s881" 0.991 18 45.8 4.76
"s882" 4.55 15.2 62.2 13.6
"s883" 2.4 2.08 67.1 0.905
"s884" 1.34 16.8 57.4 4.77
"s885" 0.976 13.9 57.4 2.89
"s886" 3.65 6.32 39.8 7.07
"s887" 0.463 17.9 22.9 4.41
"s888" 0.45 4.68 47.6 0.539
"s889" 3.6 3.65 48.4 3.31
"s890" 2.22 13.7 74.9 4.96
"s891" 0.755 6.74 46.7 1.33
"s892" 1.32 8.52 53.4 2.56
"s893" 1.16 5.86 51.3 1.61
"s894" 2.71 15.7 38.6 13.4
"s895" 3.66 5.32 48.1 4.94
"s896" 4.01 7.38 11 33
"s897" 4.72 2.49 73.8 1.94
"s898" 1.16 18.2 70.9 3.61
"s899" 4.42 13.1 34.8 20.3
"s900" 1.8 12.1 8.52 31.2
"s901" 2.94 13.9 24.2 20.6
"s902" 0.336 11.4 41.9 1.12
"s903" 4.07 15.8 3.98 197
"s904" 0.457 11.1 17.9 3.45
"s905" 3.37 5.01 71.3 2.89
"s906" 3.94 9.05 31.1 14
"s907" 4.43 10.6 46.3 12.3
"s908" 0.42 4.06 47.4 0.438
"s909" 4.57 5.54 4.08 75.7
"s910" 3.04 6.62 35.1 6.97
"s911" 0.978 13.9 4.46 37.1
"s912" 4.74 5.72 54 6.12
"s913" 3.31 15.3 69.1 8.92
"s914" 4.48 3.27 7.71 23.1
"s915" 4.31 5.86 2.86 108
"s916" 2.57 4.71 44.9 3.29
"s917" 0.368 16.5 59.5 1.24
"s918" 4.41 17.8 60 15.9
"s919" 3.97 18.8 45.7 19.9
"s920" 2.59 17.6 54.7 10.1
"s921" 1.34 11.1 57.6 3.14
"s922" 4.34 13.1 39.8 17.3
"s923" 1.15 7.69 22.8 4.71
"s924" 1.68 17.2 55.1 6.4
"s925" 1.39 14.8 17.7 14.2
"s926" 1.42 19.3 17.1 19.6
"s927" 4.36 16.8 68.6 13
"s928" 0.459 18.5 23.9 4.33
"s929" 0.92 14.8 22.7 7.33
"s930" 1.76 6.38 29.8 4.6
"s931" 1.86 11 32.7 7.6
"s932" 4.42 6.38 70 4.91
"s933" 4.17 1.07 49.3 1.1
"s934" 4.71 13.6 60.7 12.9
"s935" 2.24 19.1 33.3 15.7
"s936" 0.549 3.69 49.4 0.5
"s937" 4.78 5.58 12.5 26.1
"s938" 1.32 12.2 11.4 17.2
"s939" 1.09 7.75 28 3.69
"s940" 4.34 12 23.2 27.5
"s941" 2.4 5.55 26.4 6.13
"s942" 1.6 6.94 68.8 1.96
"s943" 4.51 12.1 69.9 9.55
"s944" 2.31 12.5 12.7 27.8
"s945" 3.3 18.3 19.8 37.2
"s946" 1.38 4.18 69.1 1.02
"s947" 0.301 4.64 64.4 0.264
"s948" 4.5 9.85 18.5 29.2
"s949" 1.51 11 27.1 7.45
"s950" 4.22 2.18 10.5 10.6
"s951" 2.01 2.31 17.4 3.23
"s952" 1.44 15.9 50.7 5.51
"s953" 0.824 7.44 18.6 4.02
"s954" 0.98 17.8 10.7 19.9
"s955" 4.77 5.58 36.9 8.82
"s956" 3.87 6.43 5.72 53.1
"s957" 2.11 1.49 2.25 17
"s958" 3.65 15.2 20.1 33.7
"s959" 4.8 8.44 64.6 7.64
"s960" 0.719 7.88 50.8 1.36
"s961" 0.194 3.19 48.8 0.154
"s962" 4.89 6.53 45.1 8.64
"s963" 0.533 1.12 33 0.221
"s964" 3.45 2.83 64.6 1.84
"s965" 4.93 8.08 61.1 7.95
"s966" 2.75 18.9 31.3 20.3
"s967" 3.35 5.27 59 3.64
"s968" 0.469 16.1 36.9 2.49
"s969" 0.495 15 14.1 6.39
"s970" 4.2 14.4 16.4 44.9
"s971" 4.91 12.9 55.2 14
"s972" 1.14 14.6 58.6 3.46
"s973" 1.39 7.55 11.1 11.6
"s974" 0.213 6.79 53 0.333
"s975" 2.46 19 17.8 32
"s976" 0.87 5.76 49.5 1.24
"s977" 3.47 8.38 15.1 23.4
"s978" 1.8 2.99 24.8 2.64
"s979" 1.16 3.57 68.3 0.742
"s980" 4.73 16.4 70.1 13.5
"s981" 1.99 11.5 54.5 5.13
"s982" 3.39 12.7 7.72 68.1
"s983" 1.49 5.15 52.5 1.78
"s984" 2.94 3.33 17.4 6.87
"s985" 0.74 2.52 53.8 0.423
"s986" 4.79 8.03 14.6 32
"s987" 4.67 4.57 16 16.3
"s988" 1.28 7.25 22.2 5.11
"s989" 4.68 5.24 24.4 12.3
"s990" 2.13 17.9 31.5 14.7
"s991" 4.65 9.27 61.4 8.55
"s992" 1.38 8.4 10.1 14
"s993" 0.756 19.3 41.2 4.32
"s994" 1.43 17.1 57 5.23
"s995" 2.34 11.2 70.8 4.53
"s996" 1.77 17.9 4.31 90
"s997" 0.829 1.68 2.33 7.3
"s998" 3.02 15.3 1.87 302
"s999" 3.87 1.39 18.2 3.58
"s1000" 4.99 13.9 68.8 12.2
"s1001" 0.311 5.79 21.7 1.01
"s1002" 4.88 7.39 25.9 17
"s1003" 1.98 20 55.2 8.74
"s1004" 2.32 8.2 12.7 18.3
"s1005" 1.33 10.7 45.8 3.78
"s1006" 4.13 19.2 26.4 36.7
"s1007" 4.39 13.3 60.1 11.9
"s1008" 1.98 7.54 51.9 3.51
"s1009" 0.503 19.6 72.6 1.65
"s1010" 0.702 14.8 53.1 2.39
"s1011" 1.2 1.28 53.5 0.349
"s1012" 4.4 3.66 69.5 2.83
"s1013" 3.64 16 21.5 33.1
"s1014" 4.84 1.3 48.9 1.56
"s1015" 2.29 14.4 14.8 27.3
"s1016" 4.78 1.86 19.9 5.43
"s1017" 4.8 16.6 19.8 49
"s1018" 2.29 14.7 45.1 9.09
"s1019" 2.52 13.9 23.9 17.9
"s1020" 2.79 7.38 21.8 11.5
"s1021" 2.83 4.37 0.503 300
"s1022" 2.62 2.07 8.57 7.69
"s1023" 0.119 18.8 20.5 1.33
"s1024" 3.59 19.3 61.2 13.8
"s1025" 3.62 7.54 69.5 4.78
"s1026" 3.5 3.44 45.6 3.22
"s1027" 2.49 10.4 65.9 4.77
"s1028" 4.36 16.3 32.9 26.4
"s1029" 1.61 4.8 26.9 3.51
"s1030" 4.4 16.3 62.2 14.1
"s1031" 4.97 6.39 41.4 9.35
"s1032" 1.62 11.8 28.3 8.25
"s1033" 3.76 18.2 14.2 58.6
"s1034" 0.846 2.73 20.7 1.36
"s1035" 4.25 2.47 15.5 8.26
"s1036" 1.35 15.2 3.79 65.6
"s1037" 4.88 18.3 72.2 15.1
"s1038" 3.59 14 64.5 9.52
"s1039" 0.71 15.6 18.5 7.3
"s1040" 3.77 16.4 71.9 10.5
"s1041" 1.51 8.02 71.2 2.07
"s1042" 3.05 14.5 69 7.81
"s1043" 4.57 13.3 40.1 18.5
"s1044" 4.73 12.3 40.1 17.7
"s1045" 1.29 5.2 64.7 1.26
"s1046" 4.16 12 49.8 12.2
"s1047" 3.7 2.12 6.44 14.8
"s1048" 3.79 12.9 16 37.2
"s1049" 0.984 10.2 45.8 2.66
"s1050" 0.819 19.7 46.4 4.24
"s1051" 2.45 9.68 4.09 70.6
"s1052" 0.557 6.41 12.2 3.58
"s1053" 1.4 16.7 5.17 55.2
"s1054" 0.271 16 71.1 0.746
"s1055" 0.89 18.7 5.43 37.2
"s1056" 3.97 11.9 35.3 16.3
"s1057" 4.12 7.73 35.9 10.8
"s1058" 0.573 6.94 46.9 1.03
"s1059" 3.84 5.92 38.4 7.21
"s1060" 3.62 9.65 10.1 42
"s1061" 1.18 2.6 11.9 3.14
"s1062" 4.07 2.37 53.6 2.19
"s1063" 2.32 11.4 67.8 4.75
"s1064" 1.63 5.84 25.9 4.48
"s1065" 0.798 8.95 32 2.72
"s1066" 1.96 11.5 56 4.89
"s1067" 4.83 13 20.8 36.9
"s1068" 3.24 1.9 13.8 5.45
"s1069" 1.66 10.1 43.8 4.66
"s1070" 0.262 2.91 32.8 0.283
"s1071" 1.61 16.4 66.8 4.83
"s1072" 1.06 13 54.4 3.08
"s1073" 4.95 12.4 43.3 17.3
"s1074" 2.9 5.46 33.4 5.78
"s1075" 1.21 9.39 60.6 2.29
"s1076" 0.5 5.95 39.3 0.924
"s1077" 4.71 8.24 65.6 7.21
"s1078" 3.1 3.12 44.9 2.63
"s1079" 4.32 12.8 43.8 15.4
"s1080" 0.303 11.9 62.8 0.698
"s1081" 2.46 10.5 46.3 6.81
"s1082" 4.97 3.57 32.1 6.74
"s1083" 0.523 11.5 28 2.62
"s1084" 1.32 3.14 73.6 0.687
"s1085" 1.39 19.9 45.4 7.41
"s1086" 1.17 11.4 44.3 3.68
"s1087" 1.88 12.7 11.3 25.8
"s1088" 0.787 3.07 64.9 0.453
"s1089" 0.267 3.89 50.2 0.252
"s1090" 2.48 3.01 47 1.94
"s1091" 3.89 4.41 2.88 72.4
"s1092" 3.66 11.3 47.2 10.6
"s1093" 3.78 18.2 36 23.3
"s1094" 1.24 19.3 5.43 53.8
"s1095" 2.16 5.5 47.1 3.08
"s1096" 2.92 6.98 27.4 9.05
"s1097" 3.58 18.8 35.7 22.9
"s1098" 0.644 8.16 30.9 2.08
"s1099" 1.59 6.49 22.5 5.57
"s1100" 2.5 4.09 60.3 2.06
"s1101" 4.24 13.8 35.2 20.3
"s1102" 1.32 12.2 0.328 600
"s1103" 1.58 4.16 56 1.43
"s1104" 3.73 1.39 61.3 1.03
"s1105" 2.26 9.98 32 8.57
"s1106" 2.93 12 15 28.6
"s1107" 0.869 14 3.43 43.1
"s1108" 4.33 11.2 34.2 17.3
"s1109" 1.77 16.3 41.7 8.45
"s1110" 4.06 7.12 48.8 7.21
"s1111" 4.6 2.19 1.34 91.6
"s1112" 3.72 14.5 44.2 14.9
"s1113" 2.73 10.4 2.4 144
"s1114" 2.82 10.3 9.71 36.4
"s1115" 4.93 8.09 33.7 14.4
"s1116" 3.24 12.7 40.1 12.5
"s1117" 4.69 14.7 13.6 61.8
"s1118" 2.06 16.2 46.3 8.79
"s1119" 3.41 5.36 57.1 3.9
"s1120" 3.89 18.1 26 33
"s1121" 4.68 2.09 25.6 4.65
"s1122" 0.645 8.7 33.4 2.05
"s1123" 3.56 17 35.4 20.8
"s1124" 2.19 7.85 36 5.83
"s1125" 1.24 12.3 65.2 2.85
"s1126" 2.96 9.98 10.2 35.4
"s1127" 0.291 5.27 4.85 3.86
"s1128" 3.62 7 16.6 18.6
"s1129" 3.83 18 16.1 52
"s1130" 2.27 5.74 65.5 2.43
"s1131" 3.2 8.53 23.1 14.4
"s1132" 1.59 17.5 63 5.4
"s1133" 4.7 10.2 51.4 11.3
"s1134" 4.04 14.1 57.5 12.1
"s1135" 4.7 19.8 37.1 30.5
"s1136" 4.6 1.58 13 6.8
"s1137" 4.21 8.5 25.2 17.3
"s1138" 2.64 5.46 67.8 2.59
"s1139" 4.66 5.77 10.4 31.5
"s1140" 3.37 3.85 66 2.4
"s1141" 3.18 11.9 72.3 6.36
"s1142" 4.77 18.8 36.3 30
"s1143" 3.43 7.77 10 32.4
"s1144" 0.354 1.45 24.1 0.259
"s1145" 2.86 11.4 27.5 14.4
"s1146" 2.04 8.16 13.1 15.5
"s1147" 2.03 5.03 47.8 2.6
"s1148" 1.7 2.89 45.8 1.31
"s1149" 4.6 8.75 14.4 34
"s1150" 3.79 1.94 52.7 1.7
"s1151" 2.86 10.7 27.9 13.3
"s1152" 2.99 5.95 61.1 3.55
"s1153" 2.05 8.66 52.1 4.16
"s1154" 0.185 15.5 60 0.584
"s1155" 2.79 17.1 72.7 8.03
"s1156" 2.05 6.3 17.7 8.88
"s1157" 1.74 6.3 50.7 2.64
"s1158" 3.71 8.87 43.8 9.16
"s1159" 0.553 14.2 71.5 1.33
"s1160" 4.56 3.72 71 2.91
"s1161" 4.89 1.56 13.9 6.67
"s1162" 4.35 19.2 48.2 21.1
"s1163" 4.68 12.9 70.1 10.5
"s1164" 4.29 7.54 70.3 5.6
"s1165" 1.14 6.7 50.9 1.83
"s1166" 0.185 9.02 4.71 4.32
"s1167" 2.78 13.2 29.5 15.2
"s1168" 1.66 3.04 74.2 0.829
"s1169" 1.41 14 59.9 4.02
"s1170" 3.51 16.6 17.7 40
"s1171" 2.44 5.58 28.5 5.82
"s1172" 2.22 19.7 56.2 9.45
"s1173" 2.91 18.1 27.4 23.4
"s1174" 2.4 16.8 20.3 24.2
"s1175" 4.15 19.9 36 27.9
"s1176" 0.556 17.2 66.4 1.75
"s1177" 3.6 13.1 35.1 16.4
"s1178" 0.759 4.83 69.1 0.646
"s1179" 1.95 18.8 15.9 28
"s1180" 4.2 12.7 34.3 18.9
"s1181" 0.639 16.9 32.6 4.03
"s1182" 2.99 6.54 10.8 22.1
"s1183" 0.249 12.2 6.44 5.75
"s1184" 3.05 1.69 3.34 18.7
"s1185" 3.63 15.6 17.4 39.6
"s1186" 0.735 13.2 66.8 1.77
"s1187" 1.87 16.3 60.4 6.15
"s1188" 4.76 5.35 18.3 17
"s1189" 4.47 7.26 66.5 5.95
"s1190" 3.8 3.07 48.8 2.91
"s1191" 0.825 11.8 11.2 10.5
"s1192" 3.33 19.5 17.4 45.3
"s1193" 2.98 5.48 21.2 9.39
"s1194" 2.83 4.39 41.3 3.67
"s1195" 3.95 13.7 9.74 67.7
"s1196" 2.61 3.2 18.3 5.59
"s1197" 3.46 17.5 28.9 25.5
"s1198" 3.55 6.99 28.3 10.7
"s1199" 4.3 1.92 25.1 4.02
"s1200" 3.87 10.9 54.7 9.42
"s1201" 2.08 12.3 49.7 6.29
"s1202" 0.976 4.09 68.6 0.709
"s1203" 3.04 9.93 38.3 9.61
"s1204" 4.1 17.8 72.3 12.3
"s1205" 0.569 1.34 29.3 0.316
"s1206" 2.49 2.07 74.4 0.845
"s1207" 4.12 13.6 54.8 12.4
"s1208" 1.14 9.89 15.4 8.98
"s1209" 5 10.7 41.4 15.8
"s1210" 0.184 5.19 68.8 0.169
"s1211" 4.78 18.5 62.6 17.3
"s1212" 4.67 3.01 52.1 3.29
"s1213" 4.58 1.83 62 1.65
"s1214" 1.22 9.78 8.59 16.9
"s1215" 3.51 4.1 13 13.5
"s1216" 2.52 13.6 71.4 5.85
"s1217" 3.78 17.2 8.08 98.1
"s1218" 2.76 16.6 58.3 9.59
"s1219" 4.31 18.2 58.8 16.3
"s1220" 3.78 8.5 64 6.12
"s1221" 2.68 12.6 45.9 8.99
"s1222" 3.04 12.6 0.621 753
"s1223" 4.96 11.3 56.6 12.1
"s1224" 4.63 8.15 29.4 15.6
"s1225" 1.45 13.9 56.5 4.35
"s1226" 0.234 2.53 53 0.136
"s1227" 0.104 9.43 73.7 0.162
"s1228" 3.81 1.5 59.4 1.17
"s1229" 1.08 3.54 42.6 1.09
"s1230" 3.73 2.67 58.3 2.08
"s1231" 0.381 9.07 47 0.895
"s1232" 1.63 11.5 25.8 8.85
"s1233" 1.92 2.77 70.7 0.915
"s1234" 3.29 8.35 21.9 15.3
"s1235" 1.23 11.9 40.7 4.38
"s1236" 2.74 11.8 46 8.6
"s1237" 4.38 9.41 72.1 6.97
"s1238" 4.13 14.4 25.1 28.8
"s1239" 2.6 15.8 23.9 20.9
"s1240" 0.829 12.4 74.4 1.68
"s1241" 4.56 10.7 55.8 10.7
"s1242" 3.39 13.2 67.8 8.07
"s1243" 2.46 16.1 46.5 10.3
"s1244" 1.29 1.68 15 1.76
"s1245" 4.52 10.2 34.1 16.4
"s1246" 1.33 9.18 19.4 7.71
"s1247" 1.3 4.9 3.21 24.1
"s1248" 0.392 15.5 45.5 1.63
"s1249" 4.24 5.68 37.9 7.74
"s1250" 1.23 15.4 29.4 7.88
"s1251" 2.54 6.73 36.7 5.68
"s1252" 3.75 1.08 13.5 3.66
"s1253" 2.53 17.4 32.8 16.3
"s1254" 4.73 17 72.2 13.5
"s1255" 2.64 17.6 28.6 19.8
"s1256" 1.33 18.3 40.8 7.23
"s1257" 0.878 5.58 32.2 1.85
"s1258" 0.119 10.7 64.1 0.241
"s1259" 0.415 10.4 22.6 2.32
"s1260" 4.24 12.8 20 33
"s1261" 3.27 13.3 18 29.3
"s1262" 3.01 13.5 62.8 7.9
"s1263" 0.309 7.49 0.892 31.7
"s1264" 2.86 6.83 68.2 3.49
"s1265" 3.36 13.9 67.5 8.44
"s1266" 3.14 18.3 4.17 168
"s1267" 0.602 5.36 28.3 1.39
"s1268" 2.51 9.06 4.39 63.1
"s1269" 2.41 7.61 9.34 23.9
"s1270" 3.22 7.67 42.3 7.11
"s1271" 1.41 19.9 6.86 49.7
"s1272" 2.07 3 51.3 1.48
"s1273" 3.69 16.5 38.5 19.3
"s1274" 1.4 2.92 3.6 13.8
"s1275" 1.87 19.5 9.48 47
"s1276" 0.907 9.99 64.5 1.71
"s1277" 2.42 8.54 71.5 3.52
"s1278" 0.6 19.1 71.8 1.95
"s1279" 0.611 9.81 59.2 1.23
"s1280" 2.1 9.8 55.9 4.49
"s1281" 3.67 1.39 15.9 3.91
"s1282" 1.31 4.62 22.3 3.31
"s1283" 4.07 17.9 52.7 16.8
"s1284" 4.03 2.98 32.7 4.48
"s1285" 4.89 1.98 7.75 15.3
"s1286" 0.705 9.45 51.1 1.59
"s1287" 3.52 17 39.1 18.6
"s1288" 1.3 6.37 8.1 12.4
"s1289" 2.93 4.4 33 4.76
"s1290" 4.63 17.6 71.7 13.9
"s1291" 4.73 2.19 15.4 8.22
"s1292" 4.57 8.5 38.5 12.3
"s1293" 3.76 9.88 69.2 6.54
"s1294" 1.84 6.44 30.5 4.74
"s1295" 2.79 19.1 16.7 38.9
"s1296" 0.731 10.5 57.4 1.63
"s1297" 2.7 15.4 32.1 15.8
"s1298" 4.87 18.4 30.2 36.2
"s1299" 4.95 15.9 56.5 17
"s1300" 1.92 10.6 30.3 8.19
"s1301" 2.52 10.6 10.6 30.7
"s1302" 4.98 16.7 5.22 194
"s1303" 4.11 11.3 32.8 17.2
"s1304" 3.66 15.1 0.495 1360
"s1305" 1.73 12.6 1.51 175
"s1306" 1.48 17.2 17.7 17.5
"s1307" 4.46 5.37 49.4 5.9
"s1308" 1.82 9.47 14.6 14.4
"s1309" 1.7 8.48 4.76 36.8
"s1310" 4.38 7.55 74.2 5.43
"s1311" 3.02 10.1 49.9 7.45
"s1312" 1.42 3.48 22 2.74
"s1313" 2.32 12.2 25 13.9
"s1314" 4.63 19.5 19 57.8
"s1315" 4.55 18.5 55.3 18.6
"s1316" 2.26 12 25.2 13.1
"s1317" 3.28 17.5 37.3 18.7
"s1318" 4.01 15.6 0.906 842
"s1319" 0.217 19.1 24.7 2.03
"s1320" 0.853 1.35 52 0.269
"s1321" 3.23 17.9 43.7 16.1
"s1322" 1.37 3.85 13.1 4.92
"s1323" 0.879 4.29 46.4 0.99
"s1324" 2.71 6.4 26.3 8.03
"s1325" 3.1 4.04 27.9 5.48
"s1326" 0.482 17.6 62.3 1.66
"s1327" 2.05 10.5 20.5 12.8
"s1328" 2.86 18.3 1.57 406
"s1329" 0.371 18.6 24.8 3.4
"s1330" 0.654 3.7 55 0.536
"s1331" 3.26 8.6 24 14.2
"s1332" 1.54 11.8 30.9 7.14
"s1333" 2.39 4.26 19.9 6.25
"s1334" 2.54 18 25.4 22
"s1335" 4.42 11.9 7.52 85.1
"s1336" 4.34 11.2 67.6 8.78
"s1337" 0.264 19.9 39.4 1.63
"s1338" 4.09 13.3 65.3 10.2
"s1339" 4.01 15.2 71.1 10.4
"s1340" 2.53 13.9 65.5 6.56
"s1341" 0.557 2.81 41.3 0.462
"s1342" 4.58 13.7 23.3 32.8
"s1343" 4.88 12.1 19.4 37
"s1344" 0.744 18.1 32.8 5
"s1345" 2.52 17 7.06 74.2
"s1346" 0.275 7.89 39.1 0.677
"s1347" 3.3 11.4 30.1 15.2
"s1348" 2.74 12.6 34.7 12.1
"s1349" 3.69 10.7 10.1 47.7
"s1350" 3.75 17.5 38.4 20.9
"s1351" 4.11 7.96 71.5 5.57
"s1352" 0.603 16 29.5 3.98
"s1353" 3.62 16.7 23.5 31.3
"s1354" 2.89 1.72 61.6 0.979
"s1355" 0.539 1.36 73.2 0.122
"s1356" 3.83 18.9 59.2 14.9
"s1357" 0.592 13.9 14.9 6.77
"s1358" 4.86 3.42 59.7 3.4
"s1359" 0.609 16.6 7.59 16.2
"s1360" 0.209 14.7 15.7 2.39
"s1361" 0.73 6.17 52.6 1.04
"s1362" 2.65 16.5 69.8 7.67
"s1363" 3.33 19.7 7.57 106
"s1364" 1.1 17 1.25 182
"s1365" 3.19 8.22 59.7 5.35
"s1366" 4.42 16.7 4.79 188
"s1367" 2.99 13.7 6.27 79.5
"s1368" 2.76 3.15 65.7 1.61
"s1369" 4.3 13.1 20.9 33.1
"s1370" 4.17 2.06 12.2 8.57
"s1371" 4.69 13 71.3 10.4
"s1372" 1.81 2.6 6.45 8.9
"s1373" 2.16 8.74 16.8 13.7
"s1374" 0.288 16.1 14 4.04
"s1375" 1.31 2.8 64.1 0.697
"s1376" 3.57 2.74 9.87 12.1
"s1377" 2.35 18.4 43.1 12.2
"s1378" 4.87 10.7 51.6 12.3
"s1379" 0.484 18 66.5 1.6
"s1380" 3.32 14.1 12.1 46.9
"s1381" 3.99 14 22.5 30.3
"s1382" 1.84 10.4 60.4 3.85
"s1383" 2.06 4.78 70.1 1.71
"s1384" 2.23 16 46.8 9.28
"s1385" 1.3 6.3 49.3 2.02
"s1386" 3.05 10.3 11.2 34.2
"s1387" 3.55 3.57 19.9 7.76
"s1388" 0.404 4.8 28.4 0.831
"s1389" 3.86 1.18 30.3 1.83
"s1390" 3.35 12 45.2 10.8
"s1391" 1.48 8.76 25.4 6.21
"s1392" 3.83 16.7 17.6 44.2
"s1393" 1.07 10.9 14.5 9.79
"s1394" 1.26 12.7 4.88 39.8
"s1395" 4 13.5 45.9 14.3
"s1396" 4.41 5.99 38.2 8.43
"s1397" 2.4 1.56 67 0.681
"s1398" 0.927 2.35 37.9 0.7
"s1399" 4.24 14.2 63.1 11.7
"s1400" 1.85 9.31 27.5 7.62
"s1401" 2.3 6.93 53.5 3.63
"s1402" 0.157 7.39 39.7 0.355
"s1403" 1.41 18.6 63.7 5.02
"s1404" 3.76 7.24 22.9 14.5
"s1405" 4.38 17.8 12.6 75
"s1406" 0.357 7.95 57 0.606
"s1407" 2.62 12.3 71.1 5.5
"s1408" 1.05 19.1 42.5 5.76
"s1409" 3.57 8.9 49.3 7.85
"s1410" 1.13 20 4.38 62.7
"s1411" 3.31 7.8 33.2 9.48
"s1412" 2.66 19.6 72 8.81
"s1413" 1.42 2.98 18.6 2.76
"s1414" 0.507 17.2 0.729 146
"s1415" 4.4 15.3 50.6 16.2
"s1416" 0.987 18.8 4.36 51.9
"s1417" 4.88 9.4 48.8 11.4
"s1418" 4.66 18.8 74.7 14.3
"s1419" 1.24 19.2 44.7 6.51
"s1420" 2.09 6.74 71.9 2.39
"s1421" 1.99 2.07 53.5 0.938
"s1422" 2.43 9.82 57.7 5.04
"s1423" 1.5 19.7 12 30.1
"s1424" 0.204 3.74 63.8 0.146
"s1425" 3.04 9.57 48.9 7.26
"s1426" 3.14 14 11.8 45.4
"s1427" 2.29 8.13 41.9 5.41
"s1428" 2.76 5.22 28 6.28
"s1429" 1.73 12.3 16.3 15.9
"s1430" 0.696 10.5 36.4 2.45
"s1431" 2.39 4.79 30.6 4.56
"s1432" 1.41 6.69 4.58 25.1
"s1433" 0.201 17 56.5 0.74
"s1434" 1.71 6.3 17.3 7.58
"s1435" 1.48 5.71 54.5 1.89
"s1436" 4.45 10.5 34.2 16.7
"s1437" 3.47 1.03 48.4 0.895
"s1438" 3.23 10.4 18.3 22.4
"s1439" 0.254 7.24 63.2 0.354
"s1440" 3.47 18.1 17.3 44.2
"s1441" 2.18 1.05 71.5 0.391
"s1442" 2.23 6.39 10.7 16.3
"s1443" 3.99 18.7 41.8 21.8
"s1444" 4.85 1.77 44.6 2.34
"s1445" 3.34 3.62 63.6 2.31
"s1446" 4.5 6.35 19.2 18.1
"s1447" 1.61 6.73 69.8 1.89
"s1448" 0.751 14.6 30.2 4.42
"s1449" 4.24 14.8 15.7 48.7
"s1450" 3.27 15 26.1 22.9
"s1451" 0.434 10.8 51.7 1.11
"s1452" 2.96 19.1 16.6 41.6
"s1453" 4.32 19.6 70.3 14.7
"s1454" 4.06 4.87 72.1 3.34
"s1455" 1.16 5.67 24.1 3.32
"s1456" 0.408 13.1 60.4 1.08
"s1457" 4.41 5.88 16 19.7
"s1458" 1.66 6.14 51 2.44
"s1459" 1.81 19.1 39.4 10.6
"s1460" 2.59 6.75 38 5.6
"s1461" 3.03 12 59.2 7.49
"s1462" 1.88 15.4 20.4 17.3
"s1463" 3.33 15.7 18.1 35.2
"s1464" 0.61 12.5 66.4 1.4
"s1465" 4.79 8.19 21.4 22.3
"s1466" 3.24 8.24 52 6.25
"s1467" 3.49 4.62 53.6 3.66
"s1468" 2.78 7.03 41.1 5.78
"s1469" 3.95 3.88 8.86 21.1
"s1470" 2.42 15.7 66.3 7.02
"s1471" 3.26 9.45 49.6 7.57
"s1472" 1.33 14.4 44.8 5.21
"s1473" 1.28 18.7 11.1 26.3
"s1474" 0.291 7.94 58.8 0.479
"s1475" 0.334 14.9 2.45 24.8
"s1476" 0.391 13.5 17.3 3.72
"s1477" 3.73 5.46 63.4 3.91
"s1478" 1.37 3.23 57.4 0.941
"s1479" 4.17 5.16 50.9 5.14
"s1480" 0.65 2.08 60.6 0.272
"s1481" 4.41 7.86 34.6 12.2
"s1482" 4.39 10.6 30.3 18.7
"s1483" 3.84 16 14 53.6
"s1484" 0.523 10.3 72.5 0.906
"s1485" 0.602 18.3 12.9 10.4
"s1486" 4.89 2.11 66.4 1.89
"s1487" 1.1 1.19 45.5 0.35
"s1488" 1.28 10.7 28.3 5.86
"s1489" 2.53 10.5 34.8 9.31
"s1490" 1.32 10.4 61.9 2.71
"s1491" 4.76 8.41 30.3 16.1
"s1492" 3.34 8.78 49.1 7.26
"s1493" 0.953 11.4 3.89 34
"s1494" 0.206 3.6 28.7 0.315
"s1495" 3.19 16.8 29.1 22.5
"s1496" 2.89 4.23 69.9 2.13
"s1497" 1.22 6.72 38 2.63
"s1498" 0.434 4.77 2.82 8.95
"s1499" 0.705 10.1 37.8 2.28
"s1500" 3.57 5.48 63.6 3.75
"s1501" 4.98 7.67 29.8 15.6
"s1502" 1.13 15.5 47 4.51
"s1503" 0.8 17.6 12.8 13.4
"s1504" 4.6 3.52 26 7.58
"s1505" 0.226 9.34 49.3 0.521
"s1506" 3.29 6.71 36.4 7.4
"s1507" 4.21 16.7 44.5 19.3
"s1508" 4.87 3.14 63 2.95
"s1509" 4.63 2.57 37.1 3.91
"s1510" 4.76 7.99 65 7.14
"s1511" 1.83 20 69.7 6.38
"s1512" 1.76 7.74 26.5 6.25
"s1513" 3.02 17.3 42.6 14.9
"s1514" 0.332 12.8 29.1 1.78
"s1515" 1.07 13.4 33.2 5.29
"s1516" 1.98 6.72 6.01 26.9
"s1517" 1.49 16.1 15 19.4
"s1518" 0.543 1.33 52.1 0.169
"s1519" 1.44 7.42 32.5 4.02
"s1520" 3.86 2.71 26.5 4.81
"s1521" 3.03 6.7 58.1 4.27
"s1522" 0.642 2.09 68.8 0.238
"s1523" 1.48 11.4 20.6 9.94
"s1524" 3.83 13.4 4.89 128
"s1525" 4.78 6.68 68.1 5.72
"s1526" 2.94 19.4 2.59 269
"s1527" 0.545 3.64 11.5 2.11
"s1528" 1.77 15.7 0.387 874
"s1529" 3.95 14.3 1.01 676
"s1530" 4.35 3.49 60.5 3.06
"s1531" 0.746 11.4 49.4 2.09
"s1532" 2.64 4.39 27.4 5.15
"s1533" 3.26 15.8 65.5 9.6
"s1534" 4.73 10.9 15.7 39.8
"s1535" 1.33 5.06 54 1.51
"s1536" 2.67 4.9 43.1 3.7
"s1537" 0.548 6.24 22.6 1.85
"s1538" 2.49 8.86 53.7 5.01
"s1539" 1.24 11.5 74.4 2.33
"s1540" 2.24 10.2 26.2 10.6
"s1541" 2.75 14.1 74.4 6.37
"s1542" 3.97 16.6 50.6 15.9
"s1543" 1.77 7.72 55.2 3.01
"s1544" 3.53 1.22 21.6 2.44
"s1545" 0.875 4.05 68.4 0.632
"s1546" 1.48 6.14 37.6 2.95
"s1547" 2.04 4.03 19.4 5.15
"s1548" 2.09 12.2 49 6.34
"s1549" 2.85 9.88 20.5 16.8
"s1550" 3.61 17.6 56 13.8
"s1551" 0.602 18.1 73.8 1.8
"s1552" 4.57 1.74 2.83 34.3
"s1553" 4.69 13.1 29 25.7
"s1554" 2.1 17.1 5.35 81.5
"s1555" 1.16 11.7 62.3 2.65
"s1556" 3.49 19 69.7 11.6
"s1557" 0.608 8.71 12.3 5.23
"s1558" 3.16 7.88 63.8 4.75
"s1559" 1.96 11.6 52.8 5.25
"s1560" 0.308 14.8 38.4 1.45
"s1561" 0.702 3.6 66 0.467
"s1562" 1.26 6.81 55.6 1.88
"s1563" 4.39 17.4 28.6 32.5
"s1564" 2.21 12.7 51.9 6.6
"s1565" 0.397 5.32 14.4 1.78
"s1566" 4.23 14.4 60.7 12.2
"s1567" 3.78 9.79 72.2 6.25
"s1568" 2.82 8.77 26.2 11.5
"s1569" 4.49 18.9 46.6 22.1
"s1570" 2.43 7.22 68.9 3.1
"s1571" 0.914 12.9 33.8 4.25
"s1572" 0.772 16.4 2.23 69.1
"s1573" 1.9 11.5 9.46 28.2
"s1574" 1.52 13.5 74.8 3.35
"s1575" 0.186 18.4 70 0.597
"s1576" 3.51 12.9 71.4 7.75
"s1577" 3.36 13.9 6.63 86.1
"s1578" 3.86 19.7 1.36 682
"s1579" 3.93 18.1 12 72.1
"s1580" 2.64 16.7 31.8 16.9
"s1581" 3.78 10.7 73.6 6.69
"s1582" 3.62 13.1 20.3 28.4
"s1583" 0.592 9.57 16.4 4.22
"s1584" 4.47 14.3 25.1 31
"s1585" 0.132 2.97 20.5 0.232
"s1586" 2.39 18.5 6.9 78.1
"s1587" 3.57 7.74 14.8 22.8
"s1588" 3.19 17.8 62.3 11.1
"s1589" 3.45 7.11 45.2 6.61
"s1590" 4.92 2.04 26.6 4.59
"s1591" 1.36 3.26 63.8 0.848
"s1592" 1.25 5.56 54.5 1.55
"s1593" 1.58 14.8 29.7 9.61
"s1594" 1.75 10.9 39.1 5.98
"s1595" 3.82 3.02 30.4 4.62
"s1596" 4.42 17.7 13.2 72
"s1597" 0.702 4.06 56.9 0.611
"s1598" 1.52 8.42 70.2 2.23
"s1599" 1.58 3.62 42.6 1.64
"s1600" 0.994 19.6 22.2 10.7
"s1601" 3.49 9.13 38.8 10
"s1602" 3.33 2.42 15.4 6.37
"s1603" 3.15 8.96 59.7 5.75
"s1604" 1.96 3.67 53.7 1.63
"s1605" 4.79 5.48 28.6 11.2
"s1606" 4.89 1.25 53.4 1.39
"s1607" 1.83 11.3 38.3 6.58
"s1608" 2.09 9.35 14.4 16.6
"s1609" 4.5 16.2 46.1 19.3
"s1610" 1.96 18.6 17.9 24.9
"s1611" 3.08 6.5 21.5 11.4
"s1612" 1.99 17.4 11.6 36.6
"s1613" 2.71 9.32 28.4 10.8
"s1614" 2.16 14.5 30.8 12.4
"s1615" 3.66 13.1 43.3 13.5
"s1616" 3.8 2.53 27.9 4.19
"s1617" 3.25 13 30.5 16.9
"s1618" 4.82 8.74 31.6 16.2
"s1619" 1.14 9.34 38 3.4
"s1620" 0.948 10 37.8 3.07
"s1621" 4.12 11.2 2.58 218
"s1622" 2.43 18.1 67.4 7.95
"s1623" 2.4 17.7 46.2 11.2
"s1624" 0.91 3.69 40.6 1.01
"s1625" 2.97 19.3 28.1 24.9
"s1626" 2.8 13.8 8.13 58
"s1627" 4.46 5.46 17.1 17.3
"s1628" 1.41 8.4 69 2.09
"s1629" 3.99 18.1 21 41.8
"s1630" 4.56 19.3 37 29
"s1631" 1.5 9.24 71.3 2.38
"s1632" 3.68 8.94 59.4 6.76
"s1633" 0.558 7.92 56.5 0.953
"s1634" 3.97 17.6 59 14.5
"s1635" 2.88 13.6 5.27 90.4
"s1636" 4.94 7.55 28.8 15.8
"s1637" 4.04 8.49 37.6 11.1
"s1638" 0.675 16.6 21.9 6.22
"s1639" 2.48 10.4 62.4 5.05
"s1640" 1.2 13.7 32.7 6.16
"s1641" 1.43 8.68 16 9.44
"s1642" 0.186 4.02 57 0.16
"s1643" 2.63 17.8 71.7 7.97
"s1644" 4.26 17.5 44.1 20.6
"s1645" 0.751 12.2 30.3 3.69
"s1646" 0.551 14.4 45 2.15
"s1647" 1.46 15.4 20.9 13.1
"s1648" 1.73 19.5 65.5 6.29
"s1649" 2.11 17.2 54 8.17
"s1650" 4.46 5.83 24.5 12.9
"s1651" 2.45 8.19 39.7 6.15
"s1652" 0.895 1.54 1.19 14
"s1653" 2.94 1.29 17.7 2.61
"s1654" 1.8 9.11 35.7 5.6
"s1655" 2.17 11.5 25.3 12.1
"s1656" 1.95 2.16 47.2 1.09
"s1657" 1.05 2.16 24.8 1.12
"s1658" 2.16 11.9 14.5 21.6
"s1659" 2.12 14.5 52.3 7.16
"s1660" 1.89 3.23 14.7 5.07
"s1661" 3.05 16.8 36.1 17.3
"s1662" 4.04 12.2 44.7 13.5
"s1663" 1.88 9.19 35.5 5.91
"s1664" 1.16 2.15 4.07 7.48
"s1665" 2.62 1.75 21.2 2.64
"s1666" 0.432 14.8 62.1 1.25
"s1667" 0.165 10.6 40.4 0.524
"s1668" 4.92 19.3 12.4 93.5
"s1669" 1.07 3.35 25.6 1.71
"s1670" 1.21 14.6 61.5 3.49
"s1671" 3.79 1.65 55.3 1.38
"s1672" 0.2 5.64 47.7 0.288
"s1673" 3.46 4.6 21.9 8.86
"s1674" 2.7 10.8 45.5 7.8
"s1675" 3.74 19.5 39.3 22.6
"s1676" 2.89 7.1 39.9 6.27
"s1677" 0.609 16.9 2.98 42.1
"s1678" 2.72 3.33 59.4 1.86
"s1679" 3.9 13.6 37.3 17.4
"s1680" 3.43 8.8 6.26 58.7
"s1681" 3.69 15.5 67.3 10.4
"s1682" 3.94 13.7 4.81 137
"s1683" 0.493 15 27.8 3.25
"s1684" 4.37 11 37.4 15.7
"s1685" 3.89 13.5 42 15.2
"s1686" 3.64 2.32 18.5 5.56
"s1687" 4.28 8.19 3.12 137
"s1688" 3.32 11.6 31.1 15.1
"s1689" 0.132 12.9 15.1 1.38
"s1690" 4.88 8.02 68.1 7.01
"s1691" 3.57 8.77 55.5 6.87
"s1692" 3.23 9.63 49.5 7.66
"s1693" 1.94 7.16 57.8 2.94
"s1694" 2.78 4.29 31.8 4.57
"s1695" 0.16 16.4 68.8 0.464
"s1696" 0.729 11.7 69 1.51
"s1697" 3.88 8.83 29.6 14.1
"s1698" 1.63 15.7 13.8 22.7
"s1699" 0.578 2.22 51.3 0.304
"s1700" 1.69 11.3 6.96 33.6
"s1701" 3.99 9.9 43.6 11
"s1702" 1.8 12.8 16.5 17
"s1703" 2.94 12.3 14.8 29.8
"s1704" 4.44 7.58 53.8 7.61
"s1705" 1.18 6.17 65.4 1.36
"s1706" 2.21 12.8 37.8 9.07
"s1707" 1.15 1.4 19.8 0.988
"s1708" 0.94 8.49 64.3 1.51
"s1709" 1.1 7.62 3.75 27.2
"s1710" 0.301 15.6 38.6 1.48
"s1711" 3.18 12.2 29.4 16
"s1712" 3.8 9.15 71.5 5.93
"s1713" 0.105 6.37 70.2 0.116
"s1714" 3.2 7.94 2.18 142
"s1715" 0.738 4.84 39.7 1.09
"s1716" 4.42 12.1 12.7 51.1
"s1717" 0.255 10.4 20.9 1.54
"s1718" 1.31 4.66 71.3 1.04
"s1719" 2.6 4.29 38.1 3.56
"s1720" 4.58 18.6 47 22.2
"s1721" 4.4 12.3 1.69 389
"s1722" 0.473 16 27.9 3.3
"s1723" 3.86 8.7 39.9 10.3
"s1724" 3.22 3.81 43.2 3.46
"s1725" 3.27 14.8 22.8 25.9
"s1726" 4.43 1.62 29.1 3.01
"s1727" 4.87 13.2 50.7 15.5
"s1728" 1.79 9.4 38.8 5.3
"s1729" 0.793 2.87 66 0.42
"s1730" 4.85 10.6 10.3 61.3
"s1731" 1.85 2.11 13.7 3.46
"s1732" 1.08 13.1 54.6 3.15
"s1733" 1.77 3.41 57.4 1.28
"s1734" 2.71 16.7 49.3 11.2
"s1735" 4.59 4.59 69.2 3.71
"s1736" 1.07 1.13 61 0.242
"s1737" 3.01 6.37 44.5 5.25
"s1738" 0.308 18.4 26.7 2.58
"s1739" 4.51 5.37 73.7 4
"s1740" 4.85 14 4.45 186
"s1741" 3.87 3.33 27.4 5.74
"s1742" 0.374 2.95 61.6 0.219
"s1743" 4.3 4.42 1.53 152
"s1744" 3.48 18.7 48.8 16.2
"s1745" 4.34 13.5 23.1 30.9
"s1746" 2.6 4.55 26.3 5.49
"s1747" 2.23 2.78 26.9 2.8
"s1748" 1.9 6.68 17.9 8.65
"s1749" 2.58 11.1 72.7 4.82
"s1750" 4.66 1.9 72.9 1.48
"s1751" 2.56 4.9 15.4 9.97
"s1752" 2.74 7.12 43.2 5.5
"s1753" 2.98 5.9 72.1 2.97
"s1754" 3.79 10.2 27.2 17.3
"s1755" 1.42 17.8 13 23.7
"s1756" 3.75 18 11 74.9
"s1757" 0.943 7.64 8.19 10.7
"s1758" 1.44 16.7 34.6 8.5
"s1759" 2.19 9.97 10.4 25.6
"s1760" 4.63 17.6 38 26.1
"s1761" 4.26 7.12 8.09 45.7
"s1762" 2.08 4.13 27.8 3.77
"s1763" 0.755 13.1 18.5 6.52
"s1764" 3.61 4.62 0.638 318
"s1765" 2.99 11.3 57.6 7.16
"s1766" 0.125 12.3 60.3 0.308
"s1767" 0.296 17.3 30.5 2.04
"s1768" 2.04 10.8 32 8.37
"s1769" 1.32 7.26 24.5 4.77
"s1770" 4.18 1.86 16.7 5.66
"s1771" 2.86 6.44 37.1 6.04
"s1772" 4.03 9.16 33.1 13.6
"s1773" 1.59 7.09 3.07 44.7
"s1774" 4.96 9.42 6.98 81.5
"s1775" 4.63 6.2 24.6 14.2
"s1776" 2.92 13.6 49 9.86
"s1777" 0.926 15.4 55.5 3.14
"s1778" 3.1 7.62 58.6 4.91
"s1779" 1.13 5.08 47.8 1.46
"s1780" 0.856 9.89 41.2 2.5
"s1781" 4.54 2.84 49.6 3.17
"s1782" 1.97 5.86 38.2 3.69
"s1783" 1.33 3.23 2.25 23.2
"s1784" 1.01 13 55.8 2.85
"s1785" 1.66 16.1 64 5.11
"s1786" 3.33 5.91 31.7 7.57
"s1787" 4.04 6.13 27.6 11
"s1788" 2.51 2.17 47.2 1.41
"s1789" 0.401 4.19 31.7 0.645
"s1790" 2.35 14.4 17.1 24.1
"s1791" 3.94 11.7 42.8 13.1
"s1792" 0.763 15.6 68.7 2.11
"s1793" 3.07 7.7 69.5 4.15
"s1794" 4.57 10.8 23 26.2
"s1795" 1.91 2.3 19 2.81
"s1796" 1.53 12.9 47.5 5.04
"s1797" 0.595 6.78 58.5 0.842
"s1798" 2.31 17 61.7 7.75
"s1799" 3.26 18 47.4 15.1
"s1800" 3.5 15.6 66.1 10.1
"s1801" 3.88 9.45 49.4 9.05
"s1802" 1.83 12.1 11.2 24
"s1803" 4.58 4.13 71.3 3.23
"s1804" 1.95 16.2 42.5 9.07
"s1805" 3.9 19.2 13.3 68.9
"s1806" 4.04 2.44 51.7 2.32
"s1807" 0.684 5.16 34.2 1.26
"s1808" 4.47 15.8 8.77 98.1
"s1809" 4.47 5.61 70.2 4.36
"s1810" 3.82 9.7 23.9 18.9
"s1811" 3.77 6.22 7.88 36.3
"s1812" 3.71 18.4 11.4 73.1
"s1813" 1.53 15.5 57 5.1
"s1814" 3.93 17.1 7.52 109
"s1815" 4.85 1.37 17.4 4.68
"s1816" 0.218 8.99 57.6 0.415
"s1817" 3.96 19.2 16.8 55.4
"s1818" 2.22 11.3 47.4 6.46
"s1819" 1.98 16.2 13.5 29
"s1820" 4.36 13.4 13.3 53.6
"s1821" 2.11 13.3 5.53 62
"s1822" 4.24 9.2 61.4 7.74
"s1823" 3.79 1.52 67.1 1.04
"s1824" 0.852 11.5 71.1 1.67
"s1825" 4.59 11.3 65 9.75
"s1826" 3.58 18 47.5 16.5
"s1827" 1.85 7.9 26.9 6.6
"s1828" 4.5 18.4 42.8 23.5
"s1829" 4.02 13.5 23.8 27.7
"s1830" 3.1 13.9 63.7 8.24
"s1831" 1.69 3.48 14 5.12
"s1832" 2.78 9.95 7.1 47.5
"s1833" 2.98 4.49 33.3 4.9
"s1834" 0.76 6.19 36 1.59
"s1835" 0.129 6.61 7.66 1.36
"s1836" 4.72 2.99 45.1 3.81
"s1837" 3.81 8.63 22.5 17.8
"s1838" 0.896 14.2 35.3 4.38
"s1839" 4.18 10.4 43.7 12.1
"s1840" 4.15 9.3 52.8 8.9
"s1841" 3.15 18.2 72.3 9.69
"s1842" 2.22 15 8.9 45.4
"s1843" 0.195 4.77 46.7 0.243
"s1844" 0.197 19.8 72.1 0.66
"s1845" 3.04 7.1 38.1 6.91
"s1846" 4.47 8.65 4.33 109
"s1847" 0.731 11.5 19 5.39
"s1848" 2.07 7.24 48.1 3.78
"s1849" 1.27 12.2 63.7 2.97
"s1850" 2.7 18.6 11.1 54.9
"s1851" 4 19.9 22.2 43.6
"s1852" 1.24 7.47 27.6 4.09
"s1853" 2.56 4.31 47.2 2.85
"s1854" 2.08 16.3 61.9 6.66
"s1855" 4.93 4.34 50 5.21
"s1856" 2.09 4.47 21.7 5.24
"s1857" 2.12 11.7 46.2 6.54
"s1858" 2.46 18.8 19.6 28.6
"s1859" 2.02 5.33 19.2 6.85
"s1860" 0.581 7.02 30.5 1.63
"s1861" 1.24 15 25.6 8.82
"s1862" 4.33 3.08 34.7 4.68
"s1863" 3.79 1.9 3.39 25.9
"s1864" 3.63 3.94 73.8 2.36
"s1865" 2.81 12.3 49.6 8.46
"s1866" 0.492 13.4 0.873 92.1
"s1867" 2.46 19.6 57.4 10.2
"s1868" 1.87 8.82 54.2 3.71
"s1869" 1.01 20 60.2 4.07
"s1870" 1.72 3.26 50.9 1.34
"s1871" 0.35 6.14 71.2 0.368
"s1872" 4.26 6.42 74.1 4.5
"s1873" 3.16 15.3 65.5 8.99
"s1874" 1.45 19.1 50.4 6.72
"s1875" 0.676 7.99 40.4 1.63
"s1876" 4.04 17.7 37.5 23.3
"s1877" 1.59 7.24 51.8 2.71
"s1878" 4.77 1.18 36.3 1.9
"s1879" 3.48 3.61 51.1 3
"s1880" 2.98 18.3 13.5 49.1
"s1881" 0.999 16.7 54.6 3.74
"s1882" 1.64 19.9 69.9 5.67
"s1883" 0.897 17.8 51.1 3.81
"s1884" 0.799 16.8 55.3 2.96
"s1885" 0.199 9.78 34.4 0.69
"s1886" 3.87 17.2 34.7 23.3
"s1887" 1.94 12.4 54.9 5.35
"s1888" 0.972 18.7 9.33 23.7
"s1889" 4.33 1.62 22 3.89
"s1890" 1.39 10.1 66.3 2.59
"s1891" 3.27 1.56 69.7 0.89
"s1892" 0.773 6.15 52.3 1.11
"s1893" 4.26 19.3 74.5 13.4
"s1894" 4.24 15.3 45.4 17.4
"s1895" 2.13 11.9 43.2 7.13
"s1896" 4.12 14.7 67.5 10.9
"s1897" 2.9 14.4 68.7 7.43
"s1898" 3.85 8.68 68 5.98
"s1899" 1.52 2.8 39.4 1.31
"s1900" 3.44 5.37 6.6 34
"s1901" 1.48 18 6.15 52.9
"s1902" 1.33 8.57 71.6 1.95
"s1903" 2.03 13.7 31.8 10.6
"s1904" 4.08 7.14 47.1 7.55
"s1905" 2.8 3.29 15.8 7.07
"s1906" 0.562 15.5 26.8 3.95
"s1907" 2.93 8.78 6.61 47.4
"s1908" 2.09 11.2 5.13 55.5
"s1909" 0.915 7.32 6.73 12.1
"s1910" 0.488 4.55 68.2 0.397
"s1911" 0.44 16 73.4 1.17
"s1912" 1.94 4.02 63.6 1.5
"s1913" 4.78 5.65 33 9.97
"s1914" 2.89 2.48 27.6 3.16
"s1915" 0.145 7.4 45 0.291
"s1916" 3.38 2.68 38.2 2.89
"s1917" 4.69 1.54 64.2 1.37
"s1918" 0.565 1.91 53 0.248
"s1919" 3.54 17 30.3 24.3
"s1920" 4.85 4.11 52.3 4.65
"s1921" 1.71 12.9 54.3 4.94
"s1922" 2.9 11.7 37.1 11.2
"s1923" 0.84 7.7 22.8 3.46
"s1924" 3.13 2.27 14.8 5.87
"s1925" 2.05 16.5 43.4 9.46
"s1926" 0.728 8.45 52.5 1.43
"s1927" 4.02 18.2 27.8 32
"s1928" 4.79 11.6 40.9 16.6
"s1929" 2.7 9.55 0.665 473
"s1930" 3.27 17.1 5.7 120
"s1931" 4.79 4.83 70.4 4
"s1932" 3.3 19.8 41.8 19
"s1933" 1.8 12 20.8 12.6
"s1934" 0.676 9.92 36.9 2.21
"s1935" 2.2 10.5 47.8 5.91
"s1936" 4.38 1.57 3.54 23.7
"s1937" 3.65 19.7 65 13.5
"s1938" 3.64 2.09 34.3 2.71
"s1939" 0.612 16.1 40 3
"s1940" 1.88 10.8 28.7 8.65
"s1941" 3.83 9.24 20.8 20.7
"s1942" 3.3 4.53 57.3 3.19
"s1943" 1.82 19.4 4.11 105
"s1944" 1.48 4.43 37.9 2.11
"s1945" 2.29 3.89 60.3 1.8
"s1946" 2.8 4.02 29.3 4.69
"s1947" 1.07 4.88 66.8 0.955
"s1948" 3.98 4.53 9.7 22.6
"s1949" 1.54 14 8.53 30.8
"s1950" 2.92 10.9 51.7 7.51
"s1951" 0.876 17.9 26.8 7.13
"s1952" 1.23 1.5 2.53 8.91
"s1953" 3.7 6.49 52.7 5.56
"s1954" 4.42 16.5 26.2 33.9
"s1955" 3.34 12.4 43.9 11.5
"s1956" 3.74 18.8 8.25 104
"s1957" 1.72 11.8 73.8 3.36
"s1958" 1.76 12.7 17.2 15.9
"s1959" 2.73 19.2 57.3 11.2
"s1960" 1.86 13.2 16.9 17.8
"s1961" 0.396 19.3 48 1.94
"s1962" 1.69 17.1 70.2 5.01
"s1963" 1.51 4.78 38.3 2.31
"s1964" 0.861 16.3 56 3.05
"s1965" 2.51 9.11 29.6 9.42
"s1966" 2.53 1.62 1.47 33.9
"s1967" 1.12 7.03 3.28 29.2
"s1968" 1.62 2.43 73.9 0.65
"s1969" 4.42 7.8 21.7 19.4
"s1970" 4.89 18.8 14.7 75.9
"s1971" 3.18 15.3 46 12.9
"s1972" 3.04 1.14 13.3 3.18
"s1973" 1.52 12.1 52.9 4.26
"s1974" 3.04 4.95 40.9 4.49
"s1975" 0.767 1.31 61.8 0.198
"s1976" 2.21 3.6 20.8 4.68
"s1977" 3.61 18.9 47.7 17.4
"s1978" 3.03 5.57 64.7 3.17
"s1979" 3.74 12.8 27.3 21.4
"s1980" 3.91 8.15 11.6 33.5
"s1981" 2.14 11.9 40.3 7.69
"s1982" 1.65 14.2 14.3 20
"s1983" 0.442 11.5 51.9 1.19
"s1984" 0.961 17 28.5 6.99
"s1985" 3.57 10.9 3.43 138
"s1986" 0.596 6.62 45.3 1.06
"s1987" 4.31 12.4 38.5 17
"s1988" 0.245 12.8 28.9 1.33
"s1989" 1.94 8.95 31.9 6.64
"s1990" 2.42 6.86 67.2 3.01
"s1991" 4.82 6.74 44 8.98
"s1992" 4.68 4.01 37 6.17
"s1993" 0.487 17.6 21.3 4.91
"s1994" 1.66 6.01 28.7 4.25
"s1995" 4.04 19.4 60.6 15.8
"s1996" 4.35 13 34.3 20.1
"s1997" 3.41 18.4 14.2 53.7
"s1998" 1.76 2.3 56.1 0.88
"s1999" 2.67 4.61 35.6 4.22
"s2000" 2.65 16.9 21.4 25.4
